The species in this simulation are:{'t': 0, 'a': 0.054968811842764066, 'r': 0.719572090701176, 'v': 1, 'ns': [0.7592090943995254, 0.2407909056004745, 0.0, 0.0], 'fs': [0.13391888120475692, 0.0, 0.0820336341115034, 0.0, 0.0, 0.0, 0.0, 0.22676584393532853, 0.2313216566208673, 0.03895704798490097], 'ms': [0.004632178075094866, 0.0, 0.009931903411135715, 0.006399715419826608, 0.0, 0.00217557884879146, 0.016056554261333636, 0.0068484498307482215, 0.00625000418835117, 0.01569470833866465], 'p0': 0, 'p1': 0}
{'t': 1, 'a': 0.5088912809665318, 'r': 0.3624936265072307, 'v': 1, 'ns': [0.0, 0.0, 0.0, 1.0], 'fs': [0.0, 0.14271175734203523, 0.0, 0.0, 0.0, 0.4132150174857902, 0.0, 0.27853396239544037, 0.0, 0.0], 'ms': [0.0, 0.018488477395300535, 0.0, 0.0, 0.0, 0.0, 0.0, 0.0, 0.0, 0.014617491791246176], 'p0': 0, 'p1': 0}
{'t': 2, 'a': 0.17801410740937904, 'r': 0.7924499460602659, 'v': 1, 'ns': [0.5131682501988516, 0.0, 0.0, 0.48683174980114835], 'fs': [0.0, 0.0, 0.0538381097699007, 0.0, 0.0, 0.1733845557962937, 0.18347724696100404, 0.0, 0.06343498635015178, 0.0], 'ms': [0.0, 0.0, 0.018888088853038817, 0.008261391708775332, 0.004759086899452376, 0.0, 0.0, 0.010892704270081047, 0.003593695840966762, 0.01833452171107897], 'p0': 0, 'p1': 0}
{'t': 3, 'a': 0.03896107747376773, 'r': 0.6878809463333375, 'v': 1, 'ns': [0.0, 0.0, 0.0, 1.0], 'fs': [0.10171774043149463, 0.0, 0.3066454727815258, 0.0, 0.0, 0.0, 0.0, 0.0, 0.0, 0.0], 'ms': [0.01614237062356769, 0.0032685399406635167, 0.011092767402190236, 0.0, 0.004382882999922809, 0.0, 0.0, 0.0, 0.0, 0.0], 'p0': 0, 'p1': 0}
{'t': 4, 'a': 0.9125329876369691, 'r': 0.37921062830969227, 'v': 1, 'ns': [0.20426745859255044, 0.427269620523019, 0.0, 0.3684629208844305], 'fs': [0.03136505589717127, 0.0, 0.0, 0.03248678328236583, 0.0, 0.0014291004804860002, 0.01586352477703272, 0.027620616827367193, 0.005662088617961285, 0.016598539113054], 'ms': [0.009443683219241206, 0.0, 0.0, 0.0, 0.0, 0.0, 0.0, 0.0108606515316482, 0.016898306253488374, 0.01947862944528341], 'p0': 0, 'p1': 0}
{'t': 5, 'a': 0.7102675374905295, 'r': 0.3720114720643983, 'v': 1, 'ns': [0.24089331479140094, 0.40716192336093904, 0.1490790388433942, 0.20286572300426578], 'fs': [0.019349111660996066, 0.03908441615997125, 0.11586884486708367, 0.06350311310887341, 0.0, 0.12471305397179729, 0.0, 0.02071857728102252, 0.0, 0.042068358139173895], 'ms': [0.0, 0.008142839861253094, 0.008244642172039775, 0.00186481085436093, 0.0, 0.019008504525797894, 0.010727260523010738, 0.005764998299380646, 0.011907921258332656, 0.011018642401103746], 'p0': 0, 'p1': 0}
{'t': 6, 'a': 0.48917379761610247, 'r': 0.429522194436591, 'v': 1, 'ns': [0.0, 0.0, 1.0, 0.0], 'fs': [0.019292460235586745, 0.060567902097448605, 0.04477045167749137, 0.0, 0.0, 0.019787538810802065, 0.0, 0.0, 0.017081544759145573, 0.03297099355630315], 'ms': [0.0, 0.006751499711561047, 0.0, 0.0, 0.0, 0.017910194625183597, 0.007040496467594931, 0.004743228909640081, 0.0, 0.01324854633001609], 'p0': 0, 'p1': 0}
{'t': 7, 'a': 0.6015699953292348, 'r': 0.2239573603742666, 'v': 1, 'ns': [0.20108313714977086, 0.40026421998729866, 0.39865264286293045, 0.0], 'fs': [0.11781548560357764, 0.0, 0.0, 0.0, 0.08963196916637059, 0.06164521714842443, 0.0, 0.06846774248654515, 0.11387011139749449, 0.0], 'ms': [0.0, 0.003609239685014321, 0.01148799437713529, 0.004839930871011522, 0.0033427134965467605, 0.016919122126465114, 0.013135191106418441, 0.0, 0.0, 0.0], 'p0': 0, 'p1': 0}
{'t': 8, 'a': 0.5871312125589545, 'r': 0.6684895109826613, 'v': 1, 'ns': [0.0, 0.460200509488678, 0.5397994905113219, 0.0], 'fs': [0.09369258606422372, 0.0, 0.09886232529533268, 0.09247639241939104, 0.09173902283359818, 0.0, 0.028624918864351683, 0.0, 0.0, 0.0], 'ms': [0.0, 0.0, 0.006647804892296142, 0.0, 0.0, 0.006458027151275762, 0.0, 0.007032806585495625, 0.005969024448362534, 0.0021623019701390023], 'p0': 0, 'p1': 0}
{'t': 9, 'a': 0.5523677225671226, 'r': 0.6828983333295526, 'v': 1, 'ns': [0.0, 0.0, 1.0, 0.0], 'fs': [0.052550939459601514, 0.0, 0.04225710535970975, 0.0, 0.12647368364204675, 0.13743956853625588, 0.0576626659711753, 0.11395506571919103, 0.0, 0.02195829510738229], 'ms': [0.0, 0.0, 0.0, 0.0, 0.0, 0.015223853322672096, 0.0038771843370090774, 0.009876201287009317, 0.019127605492600973, 0.0], 'p0': 0, 'p1': 0}
{'t': 10, 'a': 0.7544347434513748, 'r': 0.2977723930312647, 'v': 1, 'ns': [0.7150111889159841, 0.28498881108401586, 0.0, 0.0], 'fs': [0.11625219362765292, 0.1850363672609433, 0.03174902951990664, 0.14308596490431968, 0.05763570236664028, 0.06611563774201018, 0.13892215992622148, 0.0, 0.0, 0.202679747511148], 'ms': [0.0, 0.0038317436124844255, 0.008950342660136598, 0.01223523098552107, 0.0, 0.010275942016639103, 0.003915229581182986, 0.0032100866156560557, 0.0, 0.01954445589188505], 'p0': 0, 'p1': 0}
{'t': 11, 'a': 0.8497326254869878, 'r': 0.7092507364326014, 'v': 1, 'ns': [0.5157947421552795, 0.0, 0.4842052578447205, 0.0], 'fs': [0.09033430006888621, 0.14970886995698662, 0.0, 0.0, 0.0, 0.04688669779969397, 0.0, 0.08279881135943302, 0.0, 0.01812760691895582], 'ms': [0.0, 0.0, 0.0, 0.0046111022125661025, 0.0, 0.008740012960188186, 0.0, 0.01740727980776177, 0.0017146849173789377, 0.014415896007737804], 'p0': 0, 'p1': 0}
{'t': 12, 'a': 0.5198212435827937, 'r': 0.6761075637975824, 'v': 1, 'ns': [0.5359823303753379, 0.46401766962466207, 0.0, 0.0], 'fs': [0.0, 0.1063989220923299, 0.0015111703434619284, 0.04642784640271252, 0.08672640026861606, 0.0, 0.12675493410285443, 0.19294877208059033, 0.0, 0.10322515837540021], 'ms': [0.0, 0.0, 0.015645722048619765, 0.005950608604571124, 0.009470206582266699, 0.0, 0.01503929784937312, 0.018516611671674673, 0.0, 0.0], 'p0': 0, 'p1': 0}
{'t': 13, 'a': 0.6716963677277504, 'r': 0.5380620875568697, 'v': 1, 'ns': [0.0, 0.0, 0.0, 1.0], 'fs': [0.0, 0.0, 0.11679612853536596, 0.06920069129515957, 0.09172770611919409, 0.07489992963210028, 0.0, 0.0, 0.14899621190854193, 0.0], 'ms': [0.007759340380374717, 0.00823569351083668, 0.0, 0.0, 0.0, 0.018546333382724794, 0.018962629154216596, 0.0, 0.0, 0.0], 'p0': 0, 'p1': 0}
{'t': 14, 'a': 0.61927829978901, 'r': 0.10581028006927284, 'v': 1, 'ns': [0.3239374837705686, 0.36010105595324804, 0.0, 0.3159614602761834], 'fs': [0.0, 0.19712773158530275, 0.0, 0.06465848392454172, 0.21549567419416185, 0.23288989104369132, 0.0, 0.0, 0.20206654534823063, 0.0], 'ms': [0.01943088163754403, 0.0, 0.006835156717810876, 0.0, 0.0018347595925432784, 0.018202180838276537, 0.0, 0.006635012395036079, 0.002664961492202337, 0.004115156924488208], 'p0': 0, 'p1': 0}
