The species in this simulation are:{'t': 0, 'a': 0.47168334293420794, 'r': 0.7197362468302555, 'v': 1, 'ns': [0.0, 1.0, 0.0, 0.0], 'fs': [0.020994571781913038, 0.05204089954662736, 0.0221622232172199, 0.0, 0.0, 0.02913486473025094, 0.037973903473278, 0.023482661619739813, 0.0, 0.0], 'ms': [0.011474027588308525, 0.013518136620892601, 0.0015011799090760896, 0.018915480790425782, 0.0, 0.014725382294951645, 0.019775304367406703, 0.0, 0.010356165333807052, 0.005263665662020709], 'p0': 0, 'p1': 0}
{'t': 1, 'a': 0.8040852474533953, 'r': 0.5089024468937905, 'v': 1, 'ns': [0.315044115679514, 0.0, 0.4977449378562219, 0.18721094646426403], 'fs': [0.0, 0.03926162523356134, 0.044588638878710875, 0.0, 0.031488363291038005, 0.0, 0.0, 0.0, 0.0, 0.034480130811573785], 'ms': [0.015465477377842499, 0.012362324090859623, 0.0, 0.0, 0.0, 0.005627269569268644, 0.010504478104374854, 0.008604461491984537, 0.0, 0.0], 'p0': 0, 'p1': 0}
{'t': 2, 'a': 0.6283351322728847, 'r': 0.29063997141121245, 'v': 1, 'ns': [0.0, 0.0, 1.0, 0.0], 'fs': [0.0, 0.0, 0.030360350867639944, 0.08907557369349299, 0.0, 0.02511892626773576, 0.0, 0.0, 0.0, 0.05830737916070813], 'ms': [0.01263169083890242, 0.0, 0.005751950248119473, 0.003441112999438134, 0.0, 0.0, 0.015061504813401027, 0.0, 0.0, 0.0], 'p0': 0, 'p1': 0}
{'t': 3, 'a': 0.5665440157561777, 'r': 0.7058847120374526, 'v': 1, 'ns': [0.04748131653074121, 0.0, 0.307747084166287, 0.6447715993029718], 'fs': [0.15978083447096003, 0.0, 0.0, 0.0, 0.0, 0.1610216772562336, 0.06112273872331793, 0.0, 0.26164733843979077, 0.011342770631760854], 'ms': [0.0, 0.011550404002236014, 0.0, 0.013211011433416794, 0.0, 0.011608129767726492, 0.0, 0.0, 0.0, 0.006816265452802558], 'p0': 0, 'p1': 0}
{'t': 4, 'a': 0.8539110067109442, 'r': 0.2432149859245207, 'v': 1, 'ns': [0.0, 0.9284156920101174, 0.0, 0.07158430798988258], 'fs': [0.10724196544958095, 0.0883180702870557, 0.0, 0.0, 0.26258359679082327, 0.0, 0.006977264034027059, 0.1086012402169001, 0.024623093408164966, 0.0], 'ms': [0.018594628028805373, 0.0, 0.0, 0.0, 0.013432306484321328, 0.01198624928433021, 0.0, 0.0, 0.0, 0.01749877021651462], 'p0': 0, 'p1': 0}
{'t': 5, 'a': 0.8004813777589401, 'r': 0.9082041396345016, 'v': 1, 'ns': [0.4097780651907741, 0.45413538186488767, 0.0, 0.13608655294433827], 'fs': [0.1792078360399821, 0.13151103531888653, 0.15112437981031296, 0.16344142439650497, 0.0, 0.0, 0.0, 0.013026841387469198, 0.0, 0.0], 'ms': [0.0, 0.005017795318029254, 0.0, 0.011399647538950678, 0.014242472216708595, 0.0, 0.0128798957292553, 0.0, 0.0, 0.012288417272175414], 'p0': 0, 'p1': 0}
{'t': 6, 'a': 0.4742833063652054, 'r': 0.48824751917438125, 'v': 1, 'ns': [0.0, 0.0, 0.0, 1.0], 'fs': [0.01518563380317624, 0.0, 0.0, 0.004544187563910698, 0.0, 0.10451474945474147, 0.045631964960317475, 0.0, 0.0, 0.0], 'ms': [0.00465059763378032, 0.018647589340830373, 0.01708303459199889, 0.0, 0.0, 0.010228494628548364, 0.0, 0.019625383054570723, 0.0, 0.0019901511775963047], 'p0': 0, 'p1': 0}
{'t': 7, 'a': 0.8353126141694219, 'r': 0.26999663471661567, 'v': 1, 'ns': [0.0, 0.0, 1.0, 0.0], 'fs': [0.0, 0.0, 0.18642519784031952, 0.0, 0.1013354440850339, 0.01745409381609489, 0.009092331884517278, 0.040571293248021965, 0.08690003962316965, 0.0], 'ms': [0.006892099462672375, 0.0, 0.005767743168171469, 0.009955449836574065, 0.0, 0.0, 0.0, 0.0, 0.0, 0.008188265454793175], 'p0': 0, 'p1': 0}
{'t': 8, 'a': 0.5319537086920616, 'r': 0.8120254178979243, 'v': 1, 'ns': [0.0, 0.0, 0.3866918655422431, 0.6133081344577569], 'fs': [0.0, 0.0, 0.016361534780228625, 0.0033097906454404528, 0.0, 0.006935454618720939, 0.02773054755533034, 0.017443176133622482, 0.011466327601190322, 0.013538136313320443], 'ms': [0.0027575436244393877, 0.0, 0.0, 0.0, 0.0, 0.0, 0.007317045757790339, 0.014349054565023233, 0.015016916055296429, 0.0013086772775749338], 'p0': 0, 'p1': 0}
{'t': 9, 'a': 0.5724152881512119, 'r': 0.4625971410650839, 'v': 1, 'ns': [0.0, 0.0, 0.9296865187598633, 0.07031348124013669], 'fs': [0.1016848119491754, 0.16514218036350897, 0.0, 0.0, 0.0, 0.05964717490902346, 0.0, 0.0, 0.14534880549223067, 0.1449089225822706], 'ms': [0.0, 0.0, 0.019889324084270292, 0.0, 0.0, 0.006466820482212654, 0.017475143216994515, 0.0077462527755163815, 0.0, 0.001524545195198841], 'p0': 0, 'p1': 0}
{'t': 10, 'a': 0.6362383719534955, 'r': 0.2517628174250058, 'v': 1, 'ns': [0.4614624720304047, 0.09768149747043632, 0.44085603049915895, 0.0], 'fs': [0.010930127561874522, 0.10737727367446145, 0.0, 0.0, 0.0, 0.0, 0.0, 0.0, 0.0, 0.0], 'ms': [0.010824689183957983, 0.0, 0.010962820117640267, 0.018448020589526742, 0.01602824822490284, 0.009233127909038161, 0.0, 0.0029075167258049133, 0.018682740883027495, 0.0], 'p0': 0, 'p1': 0}
{'t': 11, 'a': 0.6168829756143516, 'r': 0.7875452335208756, 'v': 1, 'ns': [0.0, 1.0, 0.0, 0.0], 'fs': [0.11080621742429601, 0.0, 0.0, 0.0, 0.0, 0.0, 0.0, 0.0, 0.06416164919574671, 0.0], 'ms': [0.0, 0.015080986349392145, 0.003455071683108956, 0.0, 0.014694087935182988, 0.019919558887583906, 0.01825466994848333, 0.013854568471287278, 0.0, 0.019034243410914562], 'p0': 0, 'p1': 0}
{'t': 12, 'a': 0.1572837934430149, 'r': 0.6596823036961953, 'v': 1, 'ns': [0.18931750059823974, 0.2507214740612758, 0.0, 0.5599610253404844], 'fs': [0.0, 0.251157196144717, 0.0, 0.0, 0.26621277908476654, 0.04312145963383088, 0.16657775322673501, 0.0, 0.0, 0.15355808422339878], 'ms': [0.015319204947225776, 0.0, 0.0, 0.012309209681887954, 0.0, 0.018185466900245483, 0.018992303776198528, 0.0019937028352770576, 0.017656677155251682, 0.0], 'p0': 0, 'p1': 0}
{'t': 13, 'a': 0.7356851727836552, 'r': 0.8404927336593135, 'v': 1, 'ns': [0.32122984462045107, 0.0, 0.28801181668231346, 0.3907583386972356], 'fs': [0.0, 0.0, 0.04198794063234867, 0.0, 0.10087429390457471, 0.012272649458557041, 0.02271982369941325, 0.0, 0.11811188615698948, 0.022854187839533902], 'ms': [0.0, 0.01746780602338657, 0.013973872323994798, 0.0, 0.008808504063173038, 0.005289373061520802, 0.0, 0.0, 0.0, 0.0016435019443214404], 'p0': 0, 'p1': 0}
{'t': 14, 'a': 0.17188493265914243, 'r': 0.49181804917346883, 'v': 1, 'ns': [0.18048560117880486, 0.4173641831422155, 0.1506095521274427, 0.25154066355153687], 'fs': [0.0, 0.0, 0.2665195828768449, 0.15775832023029496, 0.4296166526538085, 0.05825897859379416, 0.0, 0.0, 0.0, 0.0], 'ms': [0.0, 0.0, 0.0, 0.010518075462102032, 0.0, 0.018749038010527908, 0.0, 0.013073172945169628, 0.0, 0.0], 'p0': 0, 'p1': 0}
