The species in this simulation are:{'t': 0, 'a': 0.6096490580502666, 'r': 0.4216077862225765, 'v': 1, 'ns': [1.0, 0.0, 0.0, 0.0], 'fs': [0.0, 0.09059708024140342, 0.10770163902136713, 0.0026417494411589476, 0.09487564939009988, 0.07860599818325885, 0.1234553286915525, 0.0, 0.0, 0.0], 'ms': [0.0, 0.0, 0.0, 0.0, 0.01946251401737857, 0.0, 0.016709888842558265, 0.0, 0.01583298329720822, 0.0], 'p0': 0, 'p1': 0}
{'t': 1, 'a': 0.2193417549321787, 'r': 0.5380264292087276, 'v': 1, 'ns': [0.21932317323480757, 0.0, 0.7806768267651925, 0.0], 'fs': [0.0, 0.01819021681934756, 0.0, 0.024584807322582867, 0.0, 0.01498355219082073, 0.0, 0.0, 0.0154164923044359, 0.023187541493778534], 'ms': [0.006341175288255245, 0.0023332296649550112, 0.0, 0.0, 0.015758644509156986, 0.01427031500873167, 0.0, 0.0016234721894357598, 0.0, 0.0067171392365812585], 'p0': 0, 'p1': 0}
{'t': 2, 'a': 0.34973904279660584, 'r': 0.8419184357897134, 'v': 1, 'ns': [0.36518771838383357, 0.012221884568445588, 0.0, 0.6225903970477209], 'fs': [0.0, 0.10609637873065447, 0.05497067501782922, 0.1658280540527044, 0.0651274896174571, 0.07251546538329634, 0.0, 0.0, 0.1654908027082088, 0.0], 'ms': [0.0, 0.0, 0.0028589664557179513, 0.0, 0.015433699719210017, 0.0076228314055329875, 0.0, 0.004409126775377397, 0.0013833455506900131, 0.011051261872508183], 'p0': 0, 'p1': 0}
{'t': 3, 'a': 0.7145880074427172, 'r': 0.6252950769676581, 'v': 1, 'ns': [0.0, 0.0, 0.02652234782884799, 0.9734776521711521], 'fs': [0.21779408507465228, 0.0, 0.0, 0.16372898147507048, 0.0, 0.0, 0.0829461165449352, 0.201638498493558, 0.13829687168753102, 0.0], 'ms': [0.0, 0.01332727179213148, 0.017267825192319307, 0.0, 0.002123208418164428, 0.0, 0.00425033124994525, 0.016733232748939918, 0.0, 0.004911932030086395], 'p0': 0, 'p1': 0}
{'t': 4, 'a': 0.8301253465759574, 'r': 0.5730935917065921, 'v': 1, 'ns': [0.0, 0.25725391355785227, 0.7427460864421478, 0.0], 'fs': [0.6150534142155257, 0.0, 0.0, 0.05305371719279086, 0.0, 0.0, 0.0, 0.0, 0.0, 0.19564515366205473], 'ms': [0.0, 0.0, 0.0, 0.0, 0.015277818762029279, 0.0037136519554768848, 0.0, 0.01936775171356522, 0.0, 0.0], 'p0': 0, 'p1': 0}
{'t': 5, 'a': 0.5369647299465032, 'r': 0.3489738070855768, 'v': 1, 'ns': [0.0, 0.8700491869814866, 0.0, 0.1299508130185134], 'fs': [0.06821915277273262, 0.03775482593710799, 0.0, 0.06339445944252166, 0.061481196520038466, 0.0, 0.05196530257504701, 0.0841018434912883, 0.0, 0.0], 'ms': [0.019635029471538657, 0.01165721506969274, 0.012957136224500756, 0.0, 0.016687995675181002, 0.0, 0.00587602572490163, 0.012404108562814868, 0.010588003861135328, 0.00126875495642793], 'p0': 0, 'p1': 0}
{'t': 6, 'a': 0.27259803018790474, 'r': 0.3673199285752213, 'v': 1, 'ns': [0.0, 0.18823750536106018, 0.8117624946389398, 0.0], 'fs': [0.0012716975662455379, 0.0016924335176991608, 0.0010961133300019929, 0.0017981103091741929, 0.0, 0.001664625277641753, 0.0013176573476436388, 0.0, 0.0009967762184583517, 0.0], 'ms': [0.01790846086102307, 0.005593529935891283, 0.007814054104700773, 0.010075654279212774, 0.0, 0.010542007984427223, 0.008248410420893465, 0.0017652163463762927, 0.0, 0.013864792002110504], 'p0': 0, 'p1': 0}
{'t': 7, 'a': 0.14228419176341411, 'r': 0.3310757037593337, 'v': 1, 'ns': [1.0, 0.0, 0.0, 0.0], 'fs': [0.010745120268269513, 0.0, 0.0, 0.15447677561004955, 0.0, 0.0, 0.17127782096296082, 0.26973917219992244, 0.0, 0.0], 'ms': [0.006449698184510066, 0.007273860874340745, 0.0, 0.0, 0.0, 0.015564326255723376, 0.01100491594013981, 0.016546923794745923, 0.0, 0.00995557764636569], 'p0': 0, 'p1': 0}
{'t': 8, 'a': 0.9375138240849926, 'r': 0.5422778383152337, 'v': 1, 'ns': [0.40713671630461745, 0.4165788652327422, 0.06567265963869394, 0.11061175882394643], 'fs': [0.0, 0.0, 0.0132952402022934, 0.0, 0.022638011874154935, 0.0, 0.0, 0.0, 0.10496992698505436, 0.21240828662903488], 'ms': [0.0, 0.01333665446751623, 0.008586326343130404, 0.0, 0.004138094340258115, 0.018538086141655582, 0.0, 0.0, 0.0, 0.014040162493520688], 'p0': 0, 'p1': 0}
{'t': 9, 'a': 0.3658526708758135, 'r': 0.7108628803376194, 'v': 1, 'ns': [0.07377414940379902, 0.7897094615179204, 0.1365163890782806, 0.0], 'fs': [0.0, 0.0, 0.26832887547764517, 0.0, 0.05513765495185503, 0.0, 0.17543471630791765, 0.16747238130610526, 0.0, 0.04169583562250932], 'ms': [0.0, 0.01039595205123495, 0.0, 0.0, 0.0, 0.0, 0.0, 0.005343217317165071, 0.0, 0.0], 'p0': 0, 'p1': 0}
{'t': 10, 'a': 0.3546187572442978, 'r': 0.2319623334614361, 'v': 1, 'ns': [0.0, 0.0, 0.0, 1.0], 'fs': [0.0, 0.08274861553808936, 0.0, 0.20696105091993652, 0.23563572065537583, 0.0028284517506379715, 0.09062239109046495, 0.0, 0.17266815012441086, 0.08370109314815163], 'ms': [0.010203789712780714, 0.004493106928272329, 0.0, 0.0, 0.0, 0.0067848521642668675, 0.008784377875658545, 0.00888038145080625, 0.009257817368614626, 0.0], 'p0': 0, 'p1': 0}
{'t': 11, 'a': 0.6372475762241113, 'r': 0.31202678160577346, 'v': 1, 'ns': [0.0, 0.0, 0.24248969310483656, 0.7575103068951634], 'fs': [0.0, 0.08228264938806344, 0.05270785725951348, 0.059634594524132334, 0.0, 0.010099699604782979, 0.03162863951933607, 0.07124333527288926, 0.0, 0.024514973626314607], 'ms': [0.0, 0.003181600522370001, 0.0, 0.0, 0.0027266722358455075, 0.0, 0.0025380208848036923, 0.0, 0.007160223260288925, 0.01705681926183461], 'p0': 0, 'p1': 0}
{'t': 12, 'a': 0.8522609903954977, 'r': 0.750358186287409, 'v': 1, 'ns': [0.0, 0.0, 0.27062974833563136, 0.7293702516643688], 'fs': [0.08395350898307596, 0.15057745842772827, 0.0, 0.027386891035283644, 0.046704754273107475, 0.0, 0.013681456804258765, 0.04377134538079039, 0.0, 0.0], 'ms': [0.01248327651234583, 0.019815614047378045, 0.011791925538316102, 0.0, 0.003930141946753474, 0.019262654215759532, 0.0, 0.0, 0.019589965515790803, 0.0019456460590314244], 'p0': 0, 'p1': 0}
{'t': 13, 'a': 0.5954593639572479, 'r': 0.5958736428235732, 'v': 1, 'ns': [0.0, 0.0, 0.0, 1.0], 'fs': [0.008454230104447302, 0.0, 0.0, 0.015729601905918704, 0.014918279475658146, 3.170207648739196e-05, 0.007207709811237389, 0.0, 0.0036202292047445217, 0.013558837205131282], 'ms': [0.0, 0.0, 0.0, 0.011432386470674044, 0.0, 0.011121327299197993, 0.0011726644587090594, 0.0, 0.0, 0.004739953149032359], 'p0': 0, 'p1': 0}
{'t': 14, 'a': 0.47797062858505746, 'r': 0.7376076016667906, 'v': 1, 'ns': [0.0, 0.31289023929118037, 0.0, 0.6871097607088197], 'fs': [0.2185471754640477, 0.0, 0.0, 0.0, 0.22949643409045659, 0.0, 0.28843072231157, 0.17501278722320576, 0.0, 0.049698220854624456], 'ms': [0.01554813169026793, 0.0, 0.003942087735788729, 0.0, 0.0, 0.002412364068141312, 0.014995265261178344, 0.0021271375518682363, 0.0015862293687530869, 0.003839889946123239], 'p0': 0, 'p1': 0}
