The species in this simulation are:{'t': 0, 'a': 0.6693700876826755, 'r': 0.33155898993778027, 'v': 1, 'ns': [0.0, 0.19759270828039852, 0.0, 0.8024072917196015], 'fs': [0.07400250769571483, 0.0, 0.0, 0.0, 0.0, 0.017098731129875016, 0.08380840797570269, 0.0691048466035698, 0.0, 0.0], 'ms': [0.0, 0.0024723939483331228, 0.0, 0.0, 0.013009099005731314, 0.0, 0.0, 0.008319903214337829, 0.017344746688522455, 0.0], 'p0': 0, 'p1': 0}
{'t': 1, 'a': 0.3322789304650579, 'r': 0.7163273363258624, 'v': 1, 'ns': [0.48568831733667006, 0.0, 0.0, 0.5143116826633299], 'fs': [0.0, 0.0, 0.10922905711608999, 0.0, 0.0, 0.07577624578880941, 0.0, 0.0, 0.0, 0.09965925051150999], 'ms': [0.002351620268502207, 0.018718437919904667, 0.006323597872757082, 0.0, 0.009312394079423882, 0.0, 0.0, 0.00502116913435982, 0.0, 0.008925835540843401], 'p0': 0, 'p1': 0}
{'t': 2, 'a': 0.29139900620665615, 'r': 0.2191508304484118, 'v': 1, 'ns': [0.5061261929070353, 0.4938738070929647, 0.0, 0.0], 'fs': [0.0, 0.15023190704395425, 0.0, 0.4040474799620638, 0.0, 0.0, 0.2640465549621217, 0.0, 0.0, 0.0], 'ms': [0.0, 0.014917964308857928, 0.0, 0.0030928927625026486, 0.0, 0.0, 0.0, 0.006482701174494661, 0.01268725109556416, 0.017800741289031356], 'p0': 0, 'p1': 0}
{'t': 3, 'a': 0.2900581291809922, 'r': 0.4497409082131335, 'v': 1, 'ns': [0.367993451208378, 0.42965349171028694, 0.0, 0.202353057081335], 'fs': [0.10658025739662867, 0.13631318100447085, 0.10626440874649026, 0.17986179034481845, 0.0, 0.13886227364948178, 0.0, 0.24212485066826203, 0.0, 0.0], 'ms': [0.003334285914656535, 0.01806143098967815, 0.009335874493934873, 0.01941211316870973, 0.011989608904834942, 0.007995481432411432, 0.0, 0.0, 0.017187351448927104, 0.016456650570238623], 'p0': 0, 'p1': 0}
{'t': 4, 'a': 0.8062323527128012, 'r': 0.6851923037369522, 'v': 1, 'ns': [0.0, 0.35358256452744563, 0.6464174354725545, 0.0], 'fs': [0.18133528319020414, 0.03459178595702372, 0.27515118758613866, 0.2245834099047765, 0.008517090718657762, 0.0, 0.0, 0.0, 0.0, 0.17724391245611096], 'ms': [0.001850035847212521, 0.0, 0.0048301185062949925, 0.0, 0.0, 0.014605134443888692, 0.009353564911982366, 0.0, 0.0, 0.00911998017603962], 'p0': 0, 'p1': 0}
{'t': 5, 'a': 0.19771624018411896, 'r': 0.3358624238765833, 'v': 1, 'ns': [0.08290311497462373, 0.354427247496956, 0.5626696375284203, 0.0], 'fs': [0.13228796752154168, 0.07907080207865028, 0.0534257482445832, 0.17977192363034628, 0.0, 0.0, 0.15570506977525858, 0.0, 0.0, 0.1654301297616405], 'ms': [0.006246693399144736, 0.0, 0.0, 0.008317077278724187, 0.003991971195845485, 0.0, 0.006616377435697335, 0.0, 0.004226461266473738, 0.0], 'p0': 0, 'p1': 0}
{'t': 6, 'a': 0.4989615182940285, 'r': 0.49778532859122876, 'v': 1, 'ns': [0.9735076769968553, 0.0, 0.026492323003144788, 0.0], 'fs': [0.03426039533065134, 0.011572197494497125, 0.0, 0.030181603934096246, 0.005422768956954101, 0.0, 0.019795240631728064, 0.0, 0.028146417112716555, 0.05874522297052942], 'ms': [0.01793985801258508, 0.00622540499546604, 0.006038201514425383, 0.0, 0.0, 0.00470992566135337, 0.006578625715272074, 0.011224817382046965, 0.0, 0.002636337869674609], 'p0': 0, 'p1': 0}
{'t': 7, 'a': 0.23750953041530506, 'r': 0.7877387433276556, 'v': 1, 'ns': [1.0, 0.0, 0.0, 0.0], 'fs': [0.0, 0.0, 0.0, 0.0, 0.3818677736561376, 0.16154918232038468, 0.0, 0.0, 0.2477574097883513, 0.0], 'ms': [0.017055177870653884, 0.0, 0.019752194626676715, 0.019907672355595894, 0.013149457097124728, 0.0, 0.0017939803479641138, 0.012090051006288544, 0.004908839320379783, 0.0], 'p0': 0, 'p1': 0}
{'t': 8, 'a': 0.8387785288673572, 'r': 0.2844478375293826, 'v': 1, 'ns': [0.0, 0.6964282786361062, 0.15760957835664613, 0.14596214300724764], 'fs': [0.19235562551390653, 0.046525949225991035, 0.0, 0.0, 0.07022106556493442, 0.0, 0.08319516954615302, 0.1116381245929446, 0.0, 0.0], 'ms': [0.0, 0.0, 0.006233051001242356, 0.0, 0.0, 0.01384577645609917, 0.00889118185961283, 0.013076614759911079, 0.0, 0.019804953959826038], 'p0': 0, 'p1': 0}
{'t': 9, 'a': 0.4694254769491898, 'r': 0.4112548721382356, 'v': 1, 'ns': [0.3105410744506471, 0.0, 0.389214743273581, 0.30024418227577193], 'fs': [0.0, 0.07729969519914591, 0.15595526318820407, 0.0, 0.011606672883087865, 0.12323288550615832, 0.0, 0.15698253177577456, 0.11904252315628215, 0.0], 'ms': [0.01834431243311952, 0.0071940327678228335, 0.008786255934305046, 0.0, 0.0, 0.0, 0.012928637177051876, 0.0, 0.00790169631151487, 0.016129613624517432], 'p0': 0, 'p1': 0}
{'t': 10, 'a': 0.5430862265067303, 'r': 0.374812673468339, 'v': 1, 'ns': [0.47609028411686083, 0.0, 0.5239097158831392, 0.0], 'fs': [0.07734904686468291, 0.06927916245295945, 0.09682940930282144, 0.0017773360538905325, 0.0, 0.06291875767155253, 0.0, 0.10994488928074131, 0.0, 0.0], 'ms': [0.015527609929320556, 0.0, 0.005641216015339694, 0.005243223264107898, 0.012852015144606085, 0.007657109791159924, 0.0, 0.004487313563270658, 0.0, 0.01173775704127841], 'p0': 0, 'p1': 0}
{'t': 11, 'a': 0.7142224074451156, 'r': 0.3993264448746682, 'v': 1, 'ns': [0.3536497881782207, 0.31226531055266116, 0.0, 0.3340849012691183], 'fs': [0.0, 0.0, 0.09864539577037362, 0.01650583712158267, 0.0, 0.030645849071221472, 0.16773790467281977, 0.08028238650273146, 0.026121609841380632, 0.0], 'ms': [0.011059711565810228, 0.0021570839331878635, 0.009735438265415529, 0.015121359626623455, 0.0, 0.00662356529760652, 0.0042050244507009366, 0.0, 0.0, 0.0], 'p0': 0, 'p1': 0}
{'t': 12, 'a': 0.42574719489885526, 'r': 0.45376782935249826, 'v': 1, 'ns': [0.0, 0.0, 1.0, 0.0], 'fs': [0.05589117275961022, 0.0, 0.0, 0.38606904502592293, 0.0, 0.21562137735691253, 0.2516707664860597, 0.0, 0.0, 0.0], 'ms': [0.0, 0.0, 0.017520452132527523, 0.011595545016955412, 0.01926531554897663, 0.01926820148472936, 0.0, 0.0, 0.0, 0.009561171773474705], 'p0': 0, 'p1': 0}
{'t': 13, 'a': 0.46346948960393397, 'r': 0.4522172742160591, 'v': 1, 'ns': [0.13347377308471461, 0.07261633155050169, 0.36031978467909076, 0.43359011068569286], 'fs': [0.0, 0.02461978404713738, 0.023035932332134326, 0.0, 0.01810411441758469, 0.022173256981297827, 0.0, 0.0, 0.01089208668844536, 0.00476393156717078], 'ms': [0.017719895480915352, 0.008734370774234161, 0.013347019804348572, 0.0, 0.0, 0.0, 0.009949230710530173, 0.013467382283038537, 0.015782489644329007, 0.009059388876569464], 'p0': 0, 'p1': 0}
{'t': 14, 'a': 0.1983544021224373, 'r': 0.8483452747423874, 'v': 1, 'ns': [0.033615931021505355, 0.5052460925716687, 0.46113797640682586, 0.0], 'fs': [0.0, 0.017248724174617657, 0.0, 0.0, 0.0, 0.0, 0.1096916615896246, 0.07609886892949795, 0.03621416498310447, 0.0], 'ms': [0.006326146447119168, 0.0, 0.017557322947557668, 0.0, 0.0038818713329273023, 0.014907055597296895, 0.014479835998488722, 0.0, 0.0, 0.0], 'p0': 0, 'p1': 0}
